	CNJ	N	P	V	DET	VG	ADV	ADJ	WH	VN	TO	NP	VD	NUM	MOD	PRO	VBZ	*	EX	FW	UH	VB	PPO	NIL	IN	VBG	VBN	RP	JJ	AT
CNJ	1629 0	42	0	10	1	2	0	0	0	0	0	0	0	0	0	0	0	0	0	0	0	0	0	0	0	0	0	0	0	
N	2	9070 2	145	14	42	8	141	0	7	0	35	2	1	1	2	59	0	0	1	0	0	0	0	0	0	0	0	0	0	
P	76	5	4040 0	1	1	42	1	0	0	356	2	0	0	0	0	0	0	0	0	0	0	0	0	0	0	0	0	0	0	
V	65	248	0	2771 2	0	4	11	0	3	0	2	7	0	0	0	0	0	0	0	0	0	0	0	0	0	0	0	0	0	
DET	30	8	0	0	4453 0	58	15	3	0	0	0	0	0	0	0	0	0	0	0	0	0	0	0	0	0	0	0	0	0	
VG	0	64	0	0	0	564	0	3	0	0	0	0	0	0	0	0	0	0	0	0	0	0	0	0	0	0	0	0	0	0	
ADV	13	5	89	0	32	0	878	59	0	0	0	0	0	7	0	0	0	0	14	0	0	0	0	0	0	0	0	0	0	0	
ADJ	0	213	5	5	6	2	26	1820 0	8	0	5	0	0	0	0	0	0	0	1	0	0	0	0	0	0	0	0	0	0	
WH	46	0	0	0	0	0	15	0	405	0	0	0	0	0	0	0	0	0	0	0	0	0	0	0	0	0	0	0	0	0	
VN	0	15	0	16	0	0	0	0	0	744	0	0	184	0	0	0	0	0	0	0	0	0	0	0	0	0	0	0	0	0	
TO	0	0	0	0	0	0	0	0	0	0	548	0	0	0	0	0	0	0	0	0	0	0	0	0	0	0	0	0	0	0	
NP	0	1248 3	6	0	8	0	46	0	0	0	2786 4	0	20	1	0	0	0	9	0	0	0	0	0	0	0	0	0	0	
VD	0	36	0	7	0	0	0	0	0	347	0	0	733	0	0	0	0	0	0	0	0	0	0	0	0	0	0	0	0	0	
NUM	0	108	0	0	0	0	0	0	0	0	0	0	0	995	0	0	0	0	0	0	0	0	0	0	0	0	0	0	0	0	
MOD	0	1	0	0	0	0	0	0	0	0	0	0	0	0	578	0	0	0	0	0	0	0	0	0	0	0	0	0	0	0	
PRO	0	0	0	0	0	0	1	0	0	0	0	0	0	3	0	1446 0	0	0	0	0	0	0	0	0	0	0	0	0	0	
VBZ	0	73	0	0	0	0	0	0	0	0	0	1	0	0	0	0	163	0	0	0	0	0	0	0	0	0	0	0	0	0	
*	0	0	0	0	0	0	0	0	0	0	0	0	0	0	0	0	0	101	0	0	0	0	0	0	0	0	0	0	0	0	
EX	0	0	0	0	0	0	0	0	0	0	0	0	0	0	0	0	0	0	67	0	0	0	0	0	0	0	0	0	0	0	
FW	0	2	0	0	0	0	0	0	0	0	0	1	0	0	0	0	0	0	0	11	0	0	0	0	0	0	0	0	0	0	
UH	0	4	0	0	0	0	0	0	0	0	0	0	0	0	0	0	0	0	0	0	2	0	0	0	0	0	0	0	0	0	
VB	0	0	0	0	0	0	0	0	0	0	0	0	0	0	0	0	0	0	0	0	0	0	0	0	0	0	0	0	0	0	
PPO	0	0	0	0	0	0	0	0	0	0	0	0	0	0	0	0	0	0	0	0	0	0	0	0	0	0	0	0	0	0	
NIL	0	0	0	0	0	0	0	0	0	0	0	0	0	0	0	0	0	0	0	0	0	0	0	0	0	0	0	0	0	0	
IN	0	0	0	0	0	0	0	0	0	0	0	0	0	0	0	0	0	0	0	0	0	0	0	0	0	0	0	0	0	0	
VBG	0	0	0	0	0	0	0	0	0	0	0	0	0	0	0	0	0	0	0	0	0	0	0	0	0	0	0	0	0	0	
VBN	0	0	0	0	0	0	0	0	0	0	0	0	0	0	0	0	0	0	0	0	0	0	0	0	0	0	0	0	0	0	
RP	0	0	0	0	0	0	0	0	0	0	0	0	0	0	0	0	0	0	0	0	0	0	0	0	0	0	0	0	0	0	
JJ	0	0	0	0	0	0	0	0	0	0	0	0	0	0	0	0	0	0	0	0	0	0	0	0	0	0	0	0	0	0	
AT	0	0	0	0	0	0	0	0	0	0	0	0	0	0	0	0	0	0	0	0	0	0	0	0	0	0	0	0	0	0	