	CNJ	N	P	V	DET	VG	ADV	ADJ	WH	VN	TO	NP	VD	NUM	MOD	PRO	VBZ	*	EX	FW	UH	VB	PPO	NIL	IN	VBG	VBN	RP	JJ	AT
CNJ	1601 1	52	6	9	1	11	1	2	0	0	0	0	0	0	0	0	0	0	0	0	0	0	0	0	0	0	0	0	0	
N	8	8844 37	95	57	35	15	235	4	21	8	75	16	3	3	20	55	0	0	1	0	0	0	0	0	0	0	0	0	0	
P	52	2	4402 0	0	0	47	0	0	0	21	0	0	0	0	0	0	0	0	0	0	0	0	0	0	0	0	0	0	0	
V	40	76	2	2965 4	0	4	5	5	7	0	1	4	0	0	0	0	0	0	0	0	0	0	0	0	0	0	0	0	0	
DET	29	10	1	1	4429 0	84	10	3	0	0	0	0	0	0	0	0	0	0	0	0	0	0	0	0	0	0	0	0	0	
VG	2	31	8	0	6	566	0	7	0	5	0	0	4	1	0	1	0	0	0	0	0	0	0	0	0	0	0	0	0	0	
ADV	14	2	76	2	28	0	931	35	0	0	0	0	0	4	0	0	0	0	5	0	0	0	0	0	0	0	0	0	0	0	
ADJ	2	58	12	6	39	1	20	1921 0	2	0	22	3	3	0	2	0	0	0	0	0	0	0	0	0	0	0	0	0	0	
WH	27	0	0	3	0	0	12	0	424	0	0	0	0	0	0	0	0	0	0	0	0	0	0	0	0	0	0	0	0	0	
VN	0	3	2	4	0	0	0	0	0	871	0	2	76	0	0	1	0	0	0	0	0	0	0	0	0	0	0	0	0	0	
TO	0	0	32	0	0	0	0	0	0	0	516	0	0	0	0	0	0	0	0	0	0	0	0	0	0	0	0	0	0	0	
NP	20	207	73	47	93	9	16	114	9	13	38	3273 114 0	6	83	0	0	0	16	0	0	0	0	0	0	0	0	0	0	
VD	2	6	5	8	0	0	0	1	0	170	0	2	926	1	0	1	0	0	0	1	0	0	0	0	0	0	0	0	0	0	
NUM	0	11	7	1	36	0	4	28	0	7	2	7	0	991	0	9	0	0	0	0	0	0	0	0	0	0	0	0	0	0	
MOD	0	0	0	1	0	0	0	0	0	0	0	0	0	0	578	0	0	0	0	0	0	0	0	0	0	0	0	0	0	0	
PRO	0	0	0	0	0	0	1	0	0	0	0	0	0	2	0	1447 0	0	0	0	0	0	0	0	0	0	0	0	0	0	
VBZ	0	38	9	0	2	0	0	0	0	0	0	2	4	0	0	0	182	0	0	0	0	0	0	0	0	0	0	0	0	0	
*	0	0	0	0	0	0	0	0	0	0	0	0	0	0	0	0	0	101	0	0	0	0	0	0	0	0	0	0	0	0	
EX	0	0	0	0	0	0	1	0	0	0	0	0	0	0	0	0	0	0	66	0	0	0	0	0	0	0	0	0	0	0	
FW	0	0	0	0	0	0	0	0	0	0	0	1	0	0	0	0	0	0	0	13	0	0	0	0	0	0	0	0	0	0	
UH	0	1	1	2	0	0	0	0	0	0	0	0	0	0	0	0	0	0	0	0	2	0	0	0	0	0	0	0	0	0	
VB	0	0	0	0	0	0	0	0	0	0	0	0	0	0	0	0	0	0	0	0	0	0	0	0	0	0	0	0	0	0	
PPO	0	0	0	0	0	0	0	0	0	0	0	0	0	0	0	0	0	0	0	0	0	0	0	0	0	0	0	0	0	0	
NIL	0	0	0	0	0	0	0	0	0	0	0	0	0	0	0	0	0	0	0	0	0	0	0	0	0	0	0	0	0	0	
IN	0	0	0	0	0	0	0	0	0	0	0	0	0	0	0	0	0	0	0	0	0	0	0	0	0	0	0	0	0	0	
VBG	0	0	0	0	0	0	0	0	0	0	0	0	0	0	0	0	0	0	0	0	0	0	0	0	0	0	0	0	0	0	
VBN	0	0	0	0	0	0	0	0	0	0	0	0	0	0	0	0	0	0	0	0	0	0	0	0	0	0	0	0	0	0	
RP	0	0	0	0	0	0	0	0	0	0	0	0	0	0	0	0	0	0	0	0	0	0	0	0	0	0	0	0	0	0	
JJ	0	0	0	0	0	0	0	0	0	0	0	0	0	0	0	0	0	0	0	0	0	0	0	0	0	0	0	0	0	0	
AT	0	0	0	0	0	0	0	0	0	0	0	0	0	0	0	0	0	0	0	0	0	0	0	0	0	0	0	0	0	0	