	CNJ	N	P	V	DET	VG	ADV	ADJ	WH	VN	TO	NP	VD	NUM	MOD	PRO	VBZ	*	EX	FW	UH	VB	PPO	NIL	IN	VBG	VBN	RP	JJ	AT
CNJ	1616 1	50	7	5	1	3	1	0	0	0	0	0	0	0	0	0	0	0	0	0	0	0	0	0	0	0	0	0	0	
N	0	8931 76	93	115	33	7	134	0	9	0	60	2	1	1	2	67	0	0	1	0	0	0	0	0	0	0	0	0	0	
P	43	1	4133 0	2	1	50	0	0	0	293	1	0	0	0	0	0	0	0	0	0	0	0	0	0	0	0	0	0	0	
V	39	98	0	2953 6	0	3	4	0	4	0	2	4	0	0	0	0	0	0	0	0	0	0	0	0	0	0	0	0	0	
DET	31	8	5	0	4456 0	48	16	3	0	0	0	0	0	0	0	0	0	0	0	0	0	0	0	0	0	0	0	0	0	
VG	0	43	6	1	14	560	0	5	0	0	0	2	0	0	0	0	0	0	0	0	0	0	0	0	0	0	0	0	0	0	
ADV	15	3	82	0	32	0	911	42	0	0	0	1	0	2	0	0	0	0	9	0	0	0	0	0	0	0	0	0	0	0	
ADJ	0	157	17	14	32	1	16	1836 0	2	0	13	2	0	0	0	0	0	0	1	0	0	0	0	0	0	0	0	0	0	
WH	46	0	0	0	0	0	15	0	405	0	0	0	0	0	0	0	0	0	0	0	0	0	0	0	0	0	0	0	0	0	
VN	0	6	3	3	8	0	0	0	0	823	0	0	116	0	0	0	0	0	0	0	0	0	0	0	0	0	0	0	0	0	
TO	0	0	24	0	0	0	0	0	0	0	524	0	0	0	0	0	0	0	0	0	0	0	0	0	0	0	0	0	0	0	
NP	0	362	153	33	170	5	0	45	0	0	0	3345 4	0	7	1	1	0	0	5	0	0	0	0	0	0	0	0	0	0	
VD	0	6	9	13	2	0	0	0	0	217	0	6	870	0	0	0	0	0	0	0	0	0	0	0	0	0	0	0	0	0	
NUM	0	34	14	1	56	0	7	0	0	0	0	3	0	988	0	0	0	0	0	0	0	0	0	0	0	0	0	0	0	0	
MOD	0	7	0	1	0	0	0	0	0	0	0	0	0	0	571	0	0	0	0	0	0	0	0	0	0	0	0	0	0	0	
PRO	0	0	1	0	0	0	0	0	0	0	0	0	0	3	0	1446 0	0	0	0	0	0	0	0	0	0	0	0	0	0	
VBZ	0	43	10	3	2	0	0	0	0	0	0	4	0	0	0	0	175	0	0	0	0	0	0	0	0	0	0	0	0	0	
*	0	0	0	0	0	0	0	0	0	0	0	0	0	0	0	0	0	101	0	0	0	0	0	0	0	0	0	0	0	0	
EX	0	0	0	0	0	0	13	0	0	0	0	0	0	0	0	0	0	0	54	0	0	0	0	0	0	0	0	0	0	0	
FW	0	1	0	0	0	0	0	0	0	0	0	0	0	0	0	0	0	0	0	13	0	0	0	0	0	0	0	0	0	0	
UH	0	3	0	1	0	0	0	0	0	0	0	0	0	0	0	0	0	0	0	0	2	0	0	0	0	0	0	0	0	0	
VB	0	0	0	0	0	0	0	0	0	0	0	0	0	0	0	0	0	0	0	0	0	0	0	0	0	0	0	0	0	0	
PPO	0	0	0	0	0	0	0	0	0	0	0	0	0	0	0	0	0	0	0	0	0	0	0	0	0	0	0	0	0	0	
NIL	0	0	0	0	0	0	0	0	0	0	0	0	0	0	0	0	0	0	0	0	0	0	0	0	0	0	0	0	0	0	
IN	0	0	0	0	0	0	0	0	0	0	0	0	0	0	0	0	0	0	0	0	0	0	0	0	0	0	0	0	0	0	
VBG	0	0	0	0	0	0	0	0	0	0	0	0	0	0	0	0	0	0	0	0	0	0	0	0	0	0	0	0	0	0	
VBN	0	0	0	0	0	0	0	0	0	0	0	0	0	0	0	0	0	0	0	0	0	0	0	0	0	0	0	0	0	0	
RP	0	0	0	0	0	0	0	0	0	0	0	0	0	0	0	0	0	0	0	0	0	0	0	0	0	0	0	0	0	0	
JJ	0	0	0	0	0	0	0	0	0	0	0	0	0	0	0	0	0	0	0	0	0	0	0	0	0	0	0	0	0	0	
AT	0	0	0	0	0	0	0	0	0	0	0	0	0	0	0	0	0	0	0	0	0	0	0	0	0	0	0	0	0	0	